"Node","Case","FX","FY","FZ","MX","MY","MZ"
1,100,-0.22098,0.82067,1065.0,0,0,0
2,100,-1.6951,-0.94758,1067.5,0,0,0
3,100,0.62208,0.52552,-326.73,0,0,0
4,100,0.60600,0.94037E-01,-326.73,0,0,0
5,100,0.29743,0.98948E-01,-156.42,0,0,0
6,100,0.29374,-0.32878,-156.42,0,0,0
7,100,0.23733,46.471,71.726,-0.16633E-02,0,0
8,100,-0.50790,41.934,74.490,-0.23433E-02,0,0
9,100,0.86379,-57.999,-99.615,-0.25450E-02,0,0
10,100,-0.49641,-62.669,-96.761,-0.15985E-02,0,0
1,101,-0.28349E-02,0.15251,296.70,0,0,0
2,101,-24.600,-0.72666,1372.9,0,0,0
3,101,-0.53660E-01,0.10831,52.602,0,0,0
4,101,-0.54072E-01,-0.16446,52.602,0,0,0
5,101,0.34274,-0.16430E-01,-310.68,0,0,0
6,101,0.32820,-0.28544,-310.68,0,0,0
7,101,0.26063,43.139,68.505,-0.45290E-03,0,0
8,101,-0.40837,40.651,70.022,-0.80630E-03,0,0
9,101,0.62697,-52.156,-87.707,-0.88393E-03,0,0
10,101,-0.43952,-54.703,-86.152,-0.42700E-03,0,0
1,102,-0.77070E-01,-0.27055,-483.14,0,0,0
2,102,-31.542,-0.26801,1034.2,0,0,0
3,102,-0.28050,-0.14648E-01,431.34,0,0,0
4,102,-0.30845,-0.22527,431.34,0,0,0
5,102,0.10642,0.24798E-01,-150.80,0,0,0
6,102,0.10299,-0.18489,-150.80,0,0,0
7,102,0.35936,47.409,76.267,-0.14242E-03,0,0
8,102,-0.46406,45.643,77.344,-0.42076E-03,0,0
9,102,0.44715,-45.232,-75.348,-0.40097E-03,0,0
10,102,-0.34414,-46.880,-74.342,-0.14632E-03,0,0
1,103,-0.16976,-0.71238,-818.75,0,0,0
2,103,-22.326,-0.51192E-01,254.77,0,0,0
3,103,-0.50341,-0.90071E-02,589.95,0,0,0
4,103,-0.55570,-0.28652,589.95,0,0,0
5,103,-0.19986,0.32534,229.65,0,0,0
6,103,-0.20777,0.45437E-01,229.65,0,0,0
7,103,0.48645,56.023,89.268,-0.32656E-03,0,0
8,103,-0.64788,53.275,90.945,-0.83491E-03,0,0
9,103,0.39532,-41.080,-69.404,-0.70204E-03,0,0
10,103,-0.27109,-43.530,-67.906,-0.35436E-03,0,0
1,104,-0.48107E-01,-0.66906,-509.86,0,0,0
2,104,3.5961,0.29635,-515.68,0,0,0
3,104,-0.70403,0.52429E-02,432.74,0,0,0
4,104,-0.73215,-0.44495,432.74,0,0,0
5,104,-0.98428,0.97751,611.07,0,0,0
6,104,-1.0404,0.52271,611.07,0,0,0
7,104,0.57322,65.137,101.69,-0.14521E-02,0,0
8,104,-0.91586,60.107,104.76,-0.25182E-02,0,0
9,104,0.53827,-44.637,-77.636,-0.22132E-02,0,0
10,104,-0.28281,-49.294,-74.787,-0.14798E-02,0,0
1,105,-0.27811E-01,0.41183,261.02,0,0,0
2,105,28.179,0.80666,-821.60,0,0,0
3,105,-0.12597,0.26307,53.042,0,0,0
4,105,-0.12639,-0.35460,53.041,0,0,0
5,105,-1.8616,1.4567,767.91,0,0,0
6,105,-1.9503,0.83370,767.91,0,0,0
7,105,0.54913,69.189,106.01,-0.34485E-02,0,0
8,105,-1.0865,62.013,110.39,-0.50418E-02,0,0
9,105,0.79477,-51.872,-91.908,-0.47123E-02,0,0
10,105,-0.34465,-58.747,-87.699,-0.34365E-02,0,0
1,106,-0.28235,1.5924,1038.2,0,0,0
2,106,33.838,0.64319,-482.26,0,0,0
3,106,0.94053,0.71616,-324.44,0,0,0
4,106,0.92468,0.44331E-01,-324.44,0,0,0
5,106,-1.6920,1.2116,606.83,0,0,0
6,106,-1.7474,0.53681,606.83,0,0,0
7,106,0.39968,63.655,96.275,-0.44950E-02,0,0
8,106,-0.95919,55.838,101.04,-0.60767E-02,0,0
9,106,1.0083,-58.272,-103.30,-0.60111E-02,0,0
10,106,-0.43048,-65.965,-98.591,-0.44070E-02,0,0
1,107,-0.43568,1.6503,1373.3,0,0,0
2,107,22.959,-0.28347,299.74,0,0,0
3,107,1.2763,0.86953,-481.66,0,0,0
4,107,1.2414,0.27333,-481.66,0,0,0
5,107,-0.57288,0.54884,224.84,0,0,0
6,107,-0.58047,-0.46370E-01,224.84,0,0,0
7,107,0.27720,54.314,82.160,-0.35721E-02,0,0
8,107,-0.71212,47.574,86.265,-0.47358E-02,0,0
9,107,1.0488,-61.052,-106.91,-0.49312E-02,0,0
10,107,-0.50199,-67.847,-102.75,-0.34605E-02,0,0
1,108,-0.22911,-1.0734,1067.1,0,0,0
2,108,1.7425,0.79665,1065.6,0,0,0
3,108,-0.23246,-0.33036,-156.64,0,0,0
4,108,-0.23616,0.99539E-01,-156.64,0,0,0
5,108,-0.47569,0.94370E-01,-326.71,0,0,0
6,108,-0.49176,0.52750,-326.71,0,0,0
7,108,0.53815,-62.851,-97.033,-0.11729E-02,0,0
8,108,-0.82979,-58.158,-99.901,-0.21268E-02,0,0
9,108,0.48391,42.171,74.897,-0.19254E-02,0,0
10,108,-0.26956,46.724,72.123,-0.12393E-02,0,0
1,109,-0.41314E-02,-0.37526,299.23,0,0,0
2,109,-22.701,1.5316,1374.0,0,0,0
3,109,0.51132,-0.47224E-01,224.38,0,0,0
4,109,0.50376,0.54865,224.38,0,0,0
5,109,-1.0879,0.27353,-481.47,0,0,0
6,109,-1.1228,0.87055,-481.47,0,0,0
7,109,0.53474,-67.875,-102.79,-0.29691E-02,0,0
8,109,-1.0172,-61.072,-106.95,-0.44420E-02,0,0
9,109,0.68866,47.699,86.478,-0.42356E-02,0,0
10,109,-0.30564,54.445,82.369,-0.30679E-02,0,0
1,110,-0.78845E-01,0.60163,-482.94,0,0,0
2,110,-33.425,1.3837,1039.1,0,0,0
3,110,1.6831,0.53471,606.14,0,0,0
4,110,1.6279,1.2087,606.14,0,0,0
5,110,-0.88638,0.44034E-01,-324.06,0,0,0
6,110,-0.90220,0.71535,-324.06,0,0,0
7,110,0.43853,-65.832,-98.383,-0.42156E-02,0,0
8,110,-0.99427,-58.148,-103.09,-0.58145E-02,0,0
9,110,0.94799,55.841,101.03,-0.58601E-02,0,0
10,110,-0.41084,63.650,96.276,-0.42798E-02,0,0
1,111,-0.18066,0.79626,-822.42,0,0,0
2,111,-28.147,0.18425,262.04,0,0,0
3,111,2.0315,0.83223,767.39,0,0,0
4,111,1.9430,1.4551,767.39,0,0,0
5,111,0.13187,-0.35482,53.262,0,0,0
6,111,0.13144,0.26277,53.263,0,0,0
7,111,0.33434,-58.713,-87.646,-0.36121E-02,0,0
8,111,-0.80370,-51.840,-91.853,-0.48868E-02,0,0
9,111,1.0995,62.101,110.53,-0.52073E-02,0,0
10,111,-0.54049,69.276,106.16,-0.36121E-02,0,0
1,112,-0.57139E-01,0.28634,-516.58,0,0,0
2,112,-3.9037,-0.83800,-508.81,0,0,0
3,112,1.1607,0.52254,610.80,0,0,0
4,112,1.1046,0.97854,610.80,0,0,0
5,112,0.81377,-0.44646,432.79,0,0,0
6,112,0.78564,0.42785E-02,432.79,0,0,0
7,112,0.26911,-49.406,-74.957,-0.17027E-02,0,0
8,112,-0.55570,-44.738,-77.813,-0.24396E-02,0,0
9,112,0.94058,60.300,105.08,-0.27493E-02,0,0
10,112,-0.55784,65.336,102.01,-0.16787E-02,0,0
1,113,-0.23785E-01,-0.69332E-01,253.91,0,0,0
2,113,22.347,-0.80565,-817.79,0,0,0
3,113,0.23214,0.44769E-01,229.27,0,0,0
4,113,0.22425,0.32543,229.27,0,0,0
5,113,0.61595,-0.28695,590.19,0,0,0
6,113,0.56362,-0.99654E-02,590.19,0,0,0
7,113,0.26402,-43.567,-67.958,-0.41888E-03,0,0
8,113,-0.40345,-41.109,-69.461,-0.76784E-03,0,0
9,113,0.65903,53.368,91.091,-0.89998E-03,0,0
10,113,-0.47902,56.110,89.417,-0.39190E-03,0,0
1,114,-0.27628,-0.31132,1033.5,0,0,0
2,114,31.957,-0.30557,-482.34,0,0,0
3,114,-0.87721E-01,-0.18513,-151.32,0,0,0
4,114,-0.91175E-01,0.24847E-01,-151.32,0,0,0
5,114,0.26253,-0.22459,431.76,0,0,0
6,114,0.23453,-0.15151E-01,431.76,0,0,0
7,114,0.35105,-46.836,-74.267,-0.10686E-03,0,0
8,114,-0.43867,-45.186,-75.275,-0.36163E-03,0,0
9,114,0.45573,45.643,77.330,-0.37271E-03,0,0
10,114,-0.36746,47.396,76.260,-0.96494E-04,0,0
1,115,-0.44035,-0.82327,1372.4,0,0,0
2,115,24.873,0.15164,297.34,0,0,0
3,115,-0.23288,-0.28659,-311.03,0,0,0
4,115,-0.24745,-0.16089E-01,-311.03,0,0,0
5,115,0.38620E-01,-0.16479,52.821,0,0,0
6,115,0.38205E-01,0.10824,52.821,0,0,0
7,115,0.46766,-54.787,-86.272,-0.24348E-03,0,0
8,115,-0.60190,-52.225,-87.837,-0.70384E-03,0,0
9,115,0.38910,40.776,70.229,-0.62298E-03,0,0
10,115,-0.28390,43.266,68.711,-0.26830E-03,0,0
1,116,-0.58403E-01,0.35576,543.98,0,0,0
2,116,0.47306E-01,0.30835,544.64,0,0,0
3,116,-0.34549E-02,0.26510E-01,39.372,0,0,0
4,116,-0.36851E-02,0.18585E-01,39.372,0,0,0
5,116,-0.34789E-02,0.18300E-01,39.816,0,0,0
6,116,-0.37144E-02,0.27385E-01,39.816,0,0,0
7,116,0.30699,-40.140,-65.233,-0.12800E-04,0,0
8,116,-0.29425,-40.221,-65.184,-0.19038E-05,0,0
9,116,0.30721,-40.243,-65.207,0.28534E-05,0,0
10,116,-0.29452,-40.151,-65.263,-0.96100E-05,0,0
1,117,0.32791E-01,-0.52470E-02,166.94,0,0,0
2,117,-116.11,0.60185,748.29,0,0,0
3,117,0.26456,0.67943E-01,206.84,0,0,0
4,117,0.25814,0.33620,206.84,0,0,0
5,117,-0.99453E-01,-0.13838,-75.827,0,0,0
6,117,-0.10032,0.14356,-75.827,0,0,0
7,117,0.46323,-57.259,-89.713,-0.64034E-03,0,0
8,117,-0.69655,-54.249,-91.554,-0.12037E-02,0,0
9,117,-0.45258E-02,-4.3420,-2.9747,-0.95140E-03,0,0
10,117,-0.69637E-02,-1.1567,-4.9186,-0.97870E-03,0,0
1,118,-0.57885E-01,0.10476,-162.64,0,0,0
2,118,-160.84,0.29679,651.20,0,0,0
3,118,0.60076,0.73629E-01,322.94,0,0,0
4,118,0.58510,0.45594,322.94,0,0,0
5,118,-0.14181,-0.14569,-74.597,0,0,0
6,118,-0.14265,0.23805,-74.597,0,0,0
7,118,0.14356,-39.228,-58.836,-0.16108E-02,0,0
8,118,-0.36821,-34.973,-61.437,-0.21398E-02,0,0
9,118,0.36624,34.399,61.905,-0.21858E-02,0,0
10,118,-0.14486,38.779,59.234,-0.16420E-02,0,0
1,119,-0.74125E-01,0.21506,-258.90,0,0,0
2,119,-117.18,-0.50506E-01,322.82,0,0,0
3,119,0.45088,-0.56183E-01,325.50,0,0,0
4,119,0.43497,0.22793,325.50,0,0,0
5,119,0.52143E-01,-0.16592,40.569,0,0,0
6,119,0.51899E-01,0.10697,40.569,0,0,0
7,119,0.53386E-02,0.42127,4.7430,-0.10237E-02,0,0
8,119,0.35345E-02,3.5302,2.8444,-0.10009E-02,0,0
9,119,0.71930,54.302,93.204,-0.13196E-02,0,0
10,119,-0.46874,57.469,91.274,-0.72031E-03,0,0
1,120,-0.66098E-03,0.24330E-01,-56.186,0,0,0
2,120,-0.50044E-02,0.47020E-01,-55.288,0,0,0
3,120,0.43612E-02,-0.84288E-01,207.96,0,0,0
4,120,-0.21262E-02,-0.76404E-01,207.96,0,0,0
5,120,0.42860E-02,-0.75778E-01,208.37,0,0,0
6,120,-0.22271E-02,-0.85196E-01,208.37,0,0,0
7,120,0.30606,40.061,66.213,0.66068E-05,0,0
8,120,-0.30534,40.045,66.223,0.44252E-05,0,0
9,120,0.30633,40.073,66.250,0.55256E-05,0,0
10,120,-0.30567,40.072,66.250,0.54698E-05,0,0
1,121,-0.95013E-01,0.89258E-01,321.90,0,0,0
2,121,117.36,0.17831,-258.07,0,0,0
3,121,-0.52272E-01,0.10716,40.112,0,0,0
4,121,-0.52511E-01,-0.16545,40.112,0,0,0
5,121,-0.44140,0.23042,326.08,0,0,0
6,121,-0.45736,-0.57313E-01,326.08,0,0,0
7,121,0.46676,57.491,91.313,-0.73964E-03,0,0
8,121,-0.72228,54.327,93.242,-0.13388E-02,0,0
9,121,-0.34798E-02,3.4734,2.7085,-0.10266E-02,0,0
10,121,-0.51613E-02,0.32639,4.6305,-0.10489E-02,0,0
1,122,-0.29124,0.57042,650.33,0,0,0
2,122,161.23,-0.31010E-01,-161.90,0,0,0
3,122,0.15159,0.23773,-75.138,0,0,0
4,122,0.15073,-0.14447,-75.138,0,0,0
5,122,-0.61524,0.45937,323.66,0,0,0
6,122,-0.63097,0.73201E-01,323.66,0,0,0
7,122,0.13965,38.857,59.379,-0.17417E-02,0,0
8,122,-0.37382,34.491,62.040,-0.22850E-02,0,0
9,122,0.37633,-35.109,-61.704,-0.22530E-02,0,0
10,122,-0.13978,-39.405,-59.078,-0.17166E-02,0,0
1,123,-0.28293,0.78755,747.54,0,0,0
2,123,116.37,-0.95581E-01,167.61,0,0,0
3,123,0.11437,0.14253,-76.308,0,0,0
4,123,0.11349,-0.13715,-76.308,0,0,0
5,123,-0.29202,0.33803,207.45,0,0,0
6,123,-0.29848,0.68101E-01,207.45,0,0,0
7,123,0.75664E-02,-1.1181,-4.8302,-0.10996E-02,0,0
8,123,0.52228E-02,-4.2810,-2.9000,-0.10730E-02,0,0
9,123,0.71358,-54.338,-91.720,-0.13274E-02,0,0
10,123,-0.45032,-57.366,-89.869,-0.75979E-03,0,0
